30.958000 -188.178000 -141.656400
30.849481 -188.539131 -141.547649
30.729978 -188.897929 -141.444815
30.581376 -189.250548 -141.357656
30.434723 -189.606754 -141.284214
30.290304 -189.967075 -141.226501
30.166924 -190.336938 -141.189420
30.057183 -190.712989 -141.165716
29.979577 -191.096788 -141.165661
29.915482 -191.483844 -141.175549
29.877006 -191.872689 -141.206189
29.847912 -192.262189 -141.244429
29.827057 -192.650276 -141.297637
29.810140 -193.037689 -141.358005
29.786268 -193.422855 -141.428543
29.757064 -193.806299 -141.506879
29.713993 -194.186448 -141.592555
29.654204 -194.562625 -141.687081
29.580679 -194.934164 -141.787880
29.484529 -195.298065 -141.899012
29.379169 -195.656869 -142.016853
29.256598 -196.006150 -142.147229
29.132635 -196.351312 -142.286328
29.006228 -196.689239 -142.440746
28.890075 -197.024698 -142.607023
28.788045 -197.356757 -142.789629
28.711084 -197.686460 -142.986127
28.657790 -198.013938 -143.195738
28.639285 -198.336488 -143.416557
28.643207 -198.655861 -143.644601
28.676961 -198.968646 -143.878084
28.727149 -199.277802 -144.114563
28.791732 -199.582780 -144.352637
28.866299 -199.884859 -144.591816
28.941078 -200.186382 -144.831628
29.016101 -200.487267 -145.072167
29.083996 -200.789348 -145.313097
29.137128 -201.093909 -145.554836
29.180903 -201.399481 -145.796566
29.193483 -201.708421 -146.038261
29.195765 -202.017412 -146.279346
29.157812 -202.326605 -146.518047
29.108763 -202.634491 -146.755515
29.022078 -202.937941 -146.988801
28.925213 -203.238957 -147.220572
28.800343 -203.533275 -147.448175
28.667777 -203.824891 -147.674538
28.516596 -204.109971 -147.897904
28.359931 -204.392842 -148.120105
28.190242 -204.670461 -148.339540
28.015905 -204.946432 -148.557246
27.829732 -205.218203 -148.770551
27.638660 -205.488637 -148.980974
27.433541 -205.755239 -149.183133
27.223110 -206.020479 -149.381199
26.995092 -206.281212 -149.565712
26.762085 -206.540405 -149.745581
26.509404 -206.793527 -149.907136
26.253023 -207.045122 -150.064693
25.977698 -207.288893 -150.201771
25.700435 -207.531560 -150.336585
25.407467 -207.765286 -150.453036
25.113938 -207.998552 -150.568920
24.809076 -208.222536 -150.673365
24.504213 -208.446521 -150.777810
24.192481 -208.661208 -150.881494
23.880703 -208.875833 -150.985173
23.566047 -209.081028 -151.098748
23.251304 -209.285939 -151.212622
22.936393 -209.478493 -151.345918
22.621480 -209.670940 -151.479382
22.307252 -209.853832 -151.626940
21.993138 -210.033558 -151.778668
21.678869 -210.203193 -151.941387
21.364144 -210.371649 -152.104424
21.047066 -210.534011 -152.269102
20.729067 -210.696214 -152.432100
20.406722 -210.857658 -152.587174
20.083502 -211.019912 -152.739379
19.755322 -211.186756 -152.875321
19.426730 -211.354588 -153.008780
19.094356 -211.531486 -153.119475
18.761933 -211.708798 -153.229225
18.428181 -211.897551 -153.312894
18.094428 -212.086303 -153.396562
17.761540 -212.285278 -153.456531
17.428673 -212.484509 -153.515909
17.096847 -212.689721 -153.558033
16.765097 -212.895364 -153.598914
16.432737 -213.101810 -153.629331
16.100319 -213.308333 -153.658741
15.765020 -213.510807 -153.683096
15.429447 -213.712895 -153.706968
15.089681 -213.908150 -153.728120
14.749567 -214.102837 -153.749045
14.405891 -214.291561 -153.765909
14.061931 -214.479806 -153.782446
13.716895 -214.666592 -153.791001
13.371748 -214.853227 -153.798729
13.029189 -215.044585 -153.793861
12.687046 -215.236704 -153.786967
12.351273 -215.438367 -153.764308
12.017076 -215.642390 -153.737749
11.692295 -215.858058 -153.694721
11.370785 -216.077771 -153.645972
11.059677 -216.308092 -153.582773
10.753136 -216.543071 -153.513230
10.455172 -216.785409 -153.433296
10.161537 -217.031462 -153.348116
9.872035 -217.280526 -153.257858
9.584747 -217.531203 -153.164879
9.296013 -217.780358 -153.072298
9.006508 -218.028699 -152.979930
8.711154 -218.271832 -152.892598
8.412785 -218.512278 -152.807864
8.107211 -218.745933 -152.730600
7.797935 -218.976098 -152.657174
7.483386 -219.201124 -152.590991
7.165846 -219.423237 -152.528914
6.846627 -219.644244 -152.471881
6.526213 -219.864466 -152.418439
6.207484 -220.087747 -152.367882
5.890391 -220.314001 -152.320131
5.577257 -220.545931 -152.274246
5.269420 -220.785457 -152.230859
4.966664 -221.031534 -152.189916
4.672582 -221.288793 -152.153143
4.384001 -221.552463 -152.120808
4.105807 -221.828241 -152.096854
3.833022 -222.109544 -152.080878
3.569892 -222.400711 -152.079145
3.311829 -222.695639 -152.090349
3.061454 -222.996273 -152.121179
2.816026 -223.297874 -152.169967
2.576857 -223.600699 -152.241480
2.343403 -223.901535 -152.333627
2.116437 -224.200112 -152.449198
1.896460 -224.494774 -152.584369
1.684771 -224.784794 -152.742783
1.480801 -225.070614 -152.916707
1.288310 -225.350188 -153.113696
1.102714 -225.626197 -153.321106
0.932312 -225.894353 -153.551485
0.766652 -226.159831 -153.787825
0.618518 -226.415410 -154.046194
0.472797 -226.669012 -154.307625
0.342699 -226.909808 -154.588890
0.213455 -227.148931 -154.871866
0.092105 -227.372581 -155.170653
-0.029706 -227.594119 -155.470740
-0.155137 -227.799121 -155.780998
-0.283276 -228.001113 -156.091990
-0.424598 -228.188438 -156.406563
-0.571000 -228.372615 -156.720487
-0.733674 -228.546701 -157.032336
-0.901253 -228.719021 -157.342437
-1.081755 -228.886683 -157.647932
-1.264072 -229.054569 -157.952200
-1.451827 -229.223128 -158.252791
-1.638573 -229.392534 -158.553518
-1.820069 -229.566348 -158.854959
-2.000760 -229.740350 -159.156743
-2.161855 -229.918933 -159.466864
-2.322951 -230.097517 -159.776985
-2.453229 -230.273721 -160.102432
-2.581369 -230.449761 -160.428942
-2.672806 -230.610146 -160.774933
-2.760053 -230.768743 -161.123148
-2.805234 -230.882649 -161.495694
-2.848369 -230.994381 -161.869424
-2.874399 -231.069349 -162.253045
-2.894144 -231.112340 -162.641452
-2.912041 -231.110208 -163.033490
-2.941843 -231.078014 -163.422267
-2.982317 -231.018872 -163.808120
-3.051170 -230.934415 -164.184312
-3.131539 -230.839685 -164.556583
-3.249369 -230.736454 -164.915950
-3.374804 -230.631498 -165.272698
-3.534993 -230.536583 -165.617878
-3.700007 -230.443061 -165.961452
-3.888693 -230.371372 -166.297760
-4.081152 -230.303165 -166.632911
-4.283749 -230.258954 -166.965860
-4.488771 -230.220482 -167.298283
-4.692672 -230.200656 -167.632834
-4.896177 -230.187452 -167.968140
-5.091250 -230.183832 -168.308526
-5.282320 -230.184764 -168.651323
-5.461572 -230.185892 -169.000302
-5.634161 -230.187131 -169.352765
-5.794451 -230.181849 -169.710761
-5.947247 -230.172595 -170.072129
-6.089235 -230.155071 -170.437401
-6.224357 -230.132294 -170.805153
-6.350587 -230.105451 -171.175686
-6.470799 -230.075856 -171.548100
-6.582831 -230.050498 -171.923275
-6.688836 -230.028262 -172.300485
-6.784620 -230.020541 -172.680663
-6.872550 -230.023973 -173.063123
-6.945178 -230.052166 -173.446978
-7.006919 -230.097973 -173.831827
-7.046257 -230.175789 -174.213301
-7.072586 -230.272192 -174.592817
-7.071690 -230.399096 -174.963071
-7.058009 -230.540326 -175.328975
-7.018618 -230.701319 -175.683954
-6.967411 -230.871395 -176.033912
-6.897289 -231.047951 -176.376930
-6.815811 -231.228396 -176.715780
-6.723117 -231.406037 -177.053037
-6.619862 -231.581038 -177.388792
-6.511067 -231.749301 -177.726060
-6.393789 -231.907251 -178.065644
-6.273923 -232.058162 -178.407314
-6.148161 -232.193051 -178.753735
-6.020518 -232.321933 -179.101587
-5.887714 -232.434340 -179.453364
-5.751857 -232.542375 -179.805241
-5.608210 -232.639252 -180.157376
-5.458339 -232.734175 -180.507308
-5.296039 -232.825197 -180.852840
-5.123109 -232.916483 -181.192786
-4.934166 -233.008166 -181.524319
-4.731779 -233.099897 -181.847315
-4.512587 -233.191687 -182.159642
-4.281003 -233.280070 -182.463399
-4.033428 -233.364056 -182.756096
-3.777699 -233.440552 -183.043323
-3.507479 -233.503738 -183.320824
-3.233942 -233.558548 -183.596341
-2.949391 -233.585543 -183.865266
-2.664551 -233.607572 -184.133893
-2.376932 -233.581750 -184.399652
-2.089314 -233.555928 -184.665410
-1.814279 -233.461921 -184.929100
-1.539259 -233.367838 -185.192787
-1.295879 -233.197786 -185.449139
-1.054837 -233.023673 -185.704750
-0.863728 -232.776971 -185.942730
-0.680689 -232.522534 -186.176893
-0.552324 -232.215699 -186.385204
-0.438321 -231.899763 -186.585198
-0.372792 -231.553112 -186.757121
-0.323830 -231.199870 -186.917802
-0.313027 -230.831447 -187.052584
-0.317062 -230.459889 -187.176095
-0.349863 -230.082253 -187.277752
-0.393884 -229.703963 -187.370377
-0.459356 -229.324419 -187.445733
-0.532347 -228.945381 -187.515208
-0.621340 -228.567419 -187.572169
-0.714840 -228.190216 -187.626180
-0.820052 -227.814981 -187.672524
-0.927730 -227.440356 -187.717854
-1.043861 -227.067824 -187.759712
-1.161108 -226.695634 -187.801430
-1.283755 -226.325105 -187.842476
-1.406702 -225.954679 -187.883543
-1.531799 -225.584990 -187.924767
-1.656719 -225.215230 -187.965884
-1.779790 -224.844727 -188.005882
-1.902318 -224.474021 -188.045598
-2.017853 -224.100701 -188.081687
-2.132297 -223.727021 -188.117263
-2.233644 -223.349023 -188.146673
-2.332980 -222.970495 -188.175323
-2.413066 -222.586896 -188.196692
-2.490033 -222.202728 -188.217296
-2.541892 -221.813985 -188.231735
-2.590055 -221.424900 -188.245803
-2.608001 -221.033014 -188.256846
-2.622820 -220.641143 -188.268025
-2.601963 -220.249452 -188.280743
-2.579890 -219.857902 -188.293671
-2.516251 -219.471165 -188.313753
-2.452611 -219.084428 -188.333834
-2.344142 -218.708747 -188.366073
-2.234135 -218.333446 -188.398729
-2.079975 -217.976004 -188.446242
-1.921722 -217.620217 -188.495132
-1.722035 -217.289098 -188.559739
-1.517024 -216.961150 -188.626365
-1.276493 -216.662332 -188.707319
-1.031090 -216.367508 -188.790238
-0.759078 -216.101091 -188.884214
-0.483514 -215.838464 -188.979664
-0.191438 -215.597329 -189.081927
0.102886 -215.359119 -189.185117
0.404613 -215.131860 -189.291438
0.707482 -214.906290 -189.398243
1.010785 -214.681420 -189.505292
1.314169 -214.456680 -189.612386
1.613388 -214.225969 -189.718435
1.911662 -213.993901 -189.824247
2.204062 -213.754020 -189.928895
2.494854 -213.511997 -190.033223
2.780790 -213.264413 -190.137834
3.065133 -213.015004 -190.242538
3.347836 -212.764886 -190.349938
3.629904 -212.514494 -190.458383
3.914027 -212.268895 -190.572178
4.199058 -212.025413 -190.688335
4.488815 -211.791675 -190.812202
4.780804 -211.562540 -190.939710
5.078260 -211.346358 -191.076351
5.378314 -211.136335 -191.217335
5.682479 -210.939242 -191.367441
5.988562 -210.748183 -191.521806
6.296176 -210.566412 -191.683921
6.604514 -210.389037 -191.849706
6.911530 -210.214536 -192.020848
7.217864 -210.041517 -192.194751
7.520398 -209.864567 -192.371269
7.820651 -209.685257 -192.549356
8.115129 -209.496704 -192.727299
8.405440 -209.301483 -192.905138
8.688278 -209.093946 -193.080543
8.964713 -208.875857 -193.253863
9.232159 -208.644382 -193.423098
9.490826 -208.399833 -193.588343
9.739123 -208.142284 -193.748716
9.976500 -207.871045 -193.903959
10.202489 -207.588142 -194.054299
10.416229 -207.292694 -194.199366
10.617944 -206.987432 -194.340339
10.806986 -206.671827 -194.476997
10.984326 -206.348723 -194.611048
11.149766 -206.017993 -194.742448
11.305021 -205.682194 -194.872924
11.450136 -205.341348 -195.002480
11.587761 -204.997720 -195.132604
11.717769 -204.651261 -195.263306
11.843615 -204.303832 -195.395413
11.964879 -203.955335 -195.529069
12.085176 -203.607089 -195.664228
12.204255 -203.259160 -195.801284
12.324606 -202.912128 -195.939477
12.446860 -202.566436 -196.079371
12.571583 -202.221878 -196.219831
12.700695 -201.879335 -196.361298
12.832429 -201.537868 -196.502891
12.969523 -201.198602 -196.644744
13.108767 -200.860224 -196.786584
13.252777 -200.523818 -196.928397
13.398081 -200.188044 -197.070371
13.546288 -199.853687 -197.212706
13.694851 -199.519813 -197.355792
13.844187 -199.186984 -197.500507
13.993218 -198.854707 -197.646776
14.141616 -198.523578 -197.796275
14.289616 -198.193358 -197.948118
14.436795 -197.865011 -198.104788
14.584119 -197.538106 -198.264244
14.731759 -197.214344 -198.429771
14.880428 -196.892468 -198.597946
15.031680 -196.575320 -198.772757
15.185240 -196.260790 -198.950102
15.345972 -195.954393 -199.135319
15.506704 -195.647997 -199.320535
15.669110 -195.343217 -199.506907
15.837513 -195.043991 -199.696912
16.013799 -194.751100 -199.889673
16.191132 -194.458829 -200.082389
16.375441 -194.170684 -200.274800
16.560364 -193.882631 -200.466745
16.749849 -193.595251 -200.655230
16.939557 -193.307454 -200.842835
17.130897 -193.016585 -201.023952
17.322159 -192.724883 -201.203757
17.512879 -192.427293 -201.374300
17.703396 -192.128689 -201.543211
17.892456 -191.822767 -201.700332
18.081401 -191.515977 -201.855790
18.269336 -191.201558 -201.996644
18.457285 -190.886646 -202.136281
18.645438 -190.564419 -202.257884
18.833598 -190.242115 -202.379246
19.022512 -189.912646 -202.478141
19.211091 -189.579280 -202.563269
19.399544 -189.244446 -202.643210
19.587997 -188.909612 -202.723151
19.771561 -188.566040 -202.769786
19.954696 -188.221700 -202.813498
20.127012 -187.869642 -202.830411
20.298178 -187.516764 -202.844474
20.451259 -187.155683 -202.833967
20.602614 -186.793820 -202.821114
20.729880 -186.424019 -202.789459
20.855518 -186.053681 -202.756532
20.955277 -185.676608 -202.713544
21.053945 -185.299250 -202.670132
21.130761 -184.916930 -202.626178
21.206831 -184.534440 -202.582205
21.269970 -184.148896 -202.545086
21.332490 -183.763207 -202.508295
21.393227 -183.376383 -202.482066
21.453828 -182.989472 -202.456638
21.523757 -182.603632 -202.441238
21.594630 -182.217901 -202.426854
21.684194 -181.835955 -202.418306
21.775700 -181.454402 -202.410364
21.892713 -181.079986 -202.401131
22.011677 -180.706115 -202.391800
22.158762 -180.342806 -202.372861
22.306780 -179.979848 -202.353603
22.480734 -179.629785 -202.318753
22.654691 -179.279724 -202.283902
22.849763 -178.942968 -202.233317
23.044896 -178.606251 -202.182685
23.256928 -178.281586 -202.122508
23.470019 -177.957677 -202.061734
23.698478 -177.644506 -202.001073
23.929976 -177.333458 -201.940435
24.177588 -177.033540 -201.889866
24.431807 -176.738185 -201.843428
24.703734 -176.457498 -201.816573
24.986693 -176.185950 -201.801922
25.289029 -175.938884 -201.819113
25.603782 -175.707506 -201.856708
25.936255 -175.527665 -201.950091
26.275771 -175.368307 -202.065646
