0	566.03	480.60	0.00
0	565.18	483.64	0.00
0	564.23	486.65	0.00
0	563.18	489.63	0.00
0	562.04	492.57	0.00
0	560.81	495.48	0.00
0	559.48	498.35	0.00
0	558.07	501.17	0.00
0	556.57	503.95	0.00
0	554.99	506.68	0.00
0	553.32	509.36	0.00
0	551.56	511.98	0.00
0	549.73	514.55	0.00
0	547.81	517.07	0.00
0	545.82	519.51	0.00
0	543.75	521.90	0.00
0	541.61	524.21	0.00
0	539.39	526.46	0.00
0	537.11	528.63	0.00
0	534.75	530.73	0.00
0	532.33	532.76	0.00
0	529.84	534.70	0.00
0	527.30	536.57	0.00
0	524.69	538.36	0.00
0	522.04	540.06	0.00
0	519.33	541.69	0.00
0	516.57	543.22	0.00
0	513.76	544.67	0.00
0	510.91	546.03	0.00
0	508.02	547.30	0.00
0	505.09	548.48	0.00
0	502.13	549.57	0.00
0	499.13	550.56	0.00
0	496.11	551.45	0.00
0	493.05	552.25	0.00
0	489.97	552.94	0.00
0	486.88	553.54	0.00
0	483.76	554.04	0.00
0	480.63	554.45	0.00
0	477.49	554.75	0.00
0	474.33	554.96	0.00
0	471.18	555.06	0.00
0	468.02	555.07	0.00
0	464.86	554.98	0.00
0	461.71	554.79	0.00
0	458.57	554.50	0.00
0	455.43	554.12	0.00
0	452.32	553.63	0.00
0	449.21	553.05	0.00
0	446.13	552.37	0.00
0	443.07	551.59	0.00
0	440.04	550.71	0.00
0	437.04	549.74	0.00
0	434.07	548.67	0.00
0	431.14	547.50	0.00
0	428.24	546.25	0.00
0	425.38	544.90	0.00
0	422.57	543.47	0.00
0	419.80	541.95	0.00
0	417.09	540.34	0.00
0	414.42	538.65	0.00
0	411.81	536.87	0.00
0	409.25	535.02	0.00
0	406.76	533.09	0.00
0	404.32	531.07	0.00
0	401.96	528.99	0.00
0	399.66	526.83	0.00
0	397.43	524.59	0.00
0	395.27	522.28	0.00
0	393.19	519.91	0.00
0	391.19	517.47	0.00
0	389.26	514.97	0.00
0	387.41	512.41	0.00
0	385.65	509.80	0.00
0	383.96	507.13	0.00
0	382.36	504.40	0.00
0	380.85	501.63	0.00
0	379.42	498.82	0.00
0	378.08	495.96	0.00
0	376.83	493.06	0.00
0	375.68	490.12	0.00
0	374.62	487.15	0.00
0	373.65	484.14	0.00
0	372.78	481.11	0.00
0	372.01	478.05	0.00
0	371.34	474.96	0.00
0	370.76	471.86	0.00
0	370.28	468.74	0.00
0	369.91	465.60	0.00
0	369.63	462.46	0.00
0	369.45	459.31	0.00
0	369.37	456.15	0.00
0	369.38	452.99	0.00
0	369.50	449.84	0.00
0	369.71	446.69	0.00
0	370.02	443.55	0.00
0	370.43	440.42	0.00
0	370.94	437.30	0.00
0	371.55	434.20	0.00
0	372.26	431.13	0.00
0	373.06	428.08	0.00
0	373.96	425.05	0.00
0	374.96	422.06	0.00
0	376.06	419.10	0.00
0	377.24	416.17	0.00
0	378.52	413.28	0.00
0	379.89	410.44	0.00
0	381.34	407.64	0.00
0	382.89	404.88	0.00
0	384.52	402.18	0.00
0	386.23	399.52	0.00
0	388.02	396.92	0.00
0	389.90	394.38	0.00
0	391.85	391.90	0.00
0	393.88	389.49	0.00
0	395.99	387.14	0.00
0	398.17	384.85	0.00
0	400.42	382.64	0.00
0	402.74	380.51	0.00
0	405.13	378.45	0.00
0	407.59	376.46	0.00
0	410.10	374.55	0.00
0	412.68	372.72	0.00
0	415.31	370.98	0.00
0	417.99	369.32	0.00
0	420.72	367.74	0.00
0	423.51	366.24	0.00
0	426.33	364.84	0.00
0	429.21	363.52	0.00
0	432.11	362.30	0.00
0	435.06	361.17	0.00
0	438.04	360.13	0.00
0	441.05	359.18	0.00
0	444.09	358.34	0.00
0	447.16	357.59	0.00
0	450.25	356.94	0.00
0	453.36	356.39	0.00
0	456.48	355.94	0.00
0	459.62	355.59	0.00
0	462.77	355.34	0.00
0	465.92	355.18	0.00
0	469.08	355.12	0.00
0	472.24	355.16	0.00
0	475.39	355.30	0.00
0	478.54	355.54	0.00
0	481.68	355.88	0.00
0	484.80	356.31	0.00
0	487.92	356.85	0.00
0	491.01	357.48	0.00
0	494.08	358.21	0.00
0	497.12	359.04	0.00
0	500.14	359.97	0.00
0	503.13	360.99	0.00
0	506.08	362.10	0.00
0	508.99	363.31	0.00
0	511.87	364.62	0.00
0	514.71	366.01	0.00
0	517.50	367.48	0.00
0	520.24	369.05	0.00
0	522.93	370.70	0.00
0	525.57	372.43	0.00
0	528.16	374.24	0.00
0	530.68	376.14	0.00
0	533.15	378.11	0.00
0	535.55	380.16	0.00
0	537.88	382.29	0.00
0	540.14	384.48	0.00
0	542.34	386.75	0.00
0	544.45	389.09	0.00
0	546.50	391.50	0.00
0	548.46	393.97	0.00
0	550.35	396.50	0.00
0	552.16	399.09	0.00
0	553.88	401.73	0.00
0	555.53	404.43	0.00
0	557.08	407.18	0.00
0	558.56	409.97	0.00
0	559.94	412.81	0.00
0	561.23	415.69	0.00
0	562.43	418.61	0.00
0	563.54	421.57	0.00
0	564.56	424.55	0.00
0	565.48	427.57	0.00
0	566.30	430.62	0.00
0	567.02	433.69	0.00
0	567.64	436.79	0.00
0	568.17	439.90	0.00
0	568.59	443.03	0.00
0	568.92	446.17	0.00
0	569.15	449.32	0.00
0	569.28	452.47	0.00
0	569.32	455.63	0.00
0	569.25	458.79	0.00
0	569.09	461.94	0.00
0	568.82	465.09	0.00
0	568.46	468.22	0.00
0	568.00	471.35	0.00
0	567.44	474.45	0.00
0	566.79	477.54	0.00
0	566.03	480.60	0.00
1	551.88	506.37	1.00
1	550.75	509.20	1.00
1	549.52	512.00	1.00
1	548.18	514.75	1.00
1	546.75	517.46	1.00
1	545.22	520.11	1.00
1	543.60	522.71	1.00
1	541.88	525.25	1.00
1	540.08	527.73	1.00
1	538.18	530.13	1.00
1	536.20	532.47	1.00
1	534.14	534.72	1.00
1	532.00	536.90	1.00
1	529.78	539.00	1.00
1	527.48	541.00	1.00
1	525.11	542.92	1.00
1	522.67	544.73	1.00
1	520.16	546.45	1.00
1	517.59	548.07	1.00
1	514.95	549.58	1.00
1	512.26	551.00	1.00
1	509.51	552.32	1.00
1	506.72	553.55	1.00
1	503.88	554.68	1.00
1	501.01	555.71	1.00
1	498.10	556.64	1.00
1	495.15	557.48	1.00
1	492.18	558.22	1.00
1	489.19	558.87	1.00
1	486.17	559.43	1.00
1	483.14	559.89	1.00
1	480.10	560.26	1.00
1	477.06	560.54	1.00
1	474.01	560.72	1.00
1	470.96	560.82	1.00
1	467.92	560.82	1.00
1	464.87	560.74	1.00
1	461.84	560.56	1.00
1	458.81	560.31	1.00
1	455.79	559.97	1.00
1	452.78	559.54	1.00
1	449.78	559.03	1.00
1	446.80	558.45	1.00
1	443.83	557.78	1.00
1	440.88	557.04	1.00
1	437.95	556.22	1.00
1	435.04	555.32	1.00
1	432.15	554.35	1.00
1	429.29	553.31	1.00
1	426.45	552.20	1.00
1	423.64	551.02	1.00
1	420.87	549.77	1.00
1	418.12	548.45	1.00
1	415.41	547.06	1.00
1	412.73	545.61	1.00
1	410.09	544.09	1.00
1	407.49	542.50	1.00
1	404.94	540.85	1.00
1	402.43	539.13	1.00
1	399.96	537.35	1.00
1	397.55	535.51	1.00
1	395.18	533.60	1.00
1	392.87	531.62	1.00
1	390.61	529.58	1.00
1	388.42	527.48	1.00
1	386.28	525.32	1.00
1	384.20	523.09	1.00
1	382.19	520.81	1.00
1	380.24	518.46	1.00
1	378.36	516.05	1.00
1	376.55	513.58	1.00
1	374.82	511.06	1.00
1	373.16	508.48	1.00
1	371.58	505.85	1.00
1	370.09	503.18	1.00
1	368.69	500.45	1.00
1	367.37	497.69	1.00
1	366.15	494.89	1.00
1	365.02	492.05	1.00
1	363.99	489.18	1.00
1	363.07	486.27	1.00
1	362.25	483.34	1.00
1	361.54	480.38	1.00
1	360.94	477.40	1.00
1	360.46	474.39	1.00
1	360.09	471.37	1.00
1	359.85	468.34	1.00
1	359.72	465.30	1.00
1	359.72	462.25	1.00
1	359.82	459.20	1.00
1	360.05	456.15	1.00
1	360.38	453.11	1.00
1	360.83	450.08	1.00
1	361.39	447.07	1.00
1	362.06	444.08	1.00
1	362.83	441.12	1.00
1	363.71	438.18	1.00
1	364.69	435.28	1.00
1	365.78	432.42	1.00
1	366.97	429.60	1.00
1	368.25	426.83	1.00
1	369.64	424.11	1.00
1	371.12	421.45	1.00
1	372.69	418.84	1.00
1	374.36	416.29	1.00
1	376.11	413.80	1.00
1	377.94	411.37	1.00
1	379.85	409.00	1.00
1	381.84	406.70	1.00
1	383.91	404.46	1.00
1	386.05	402.28	1.00
1	388.25	400.17	1.00
1	390.52	398.13	1.00
1	392.85	396.16	1.00
1	395.24	394.26	1.00
1	397.69	392.43	1.00
1	400.18	390.67	1.00
1	402.73	388.99	1.00
1	405.32	387.38	1.00
1	407.96	385.85	1.00
1	410.64	384.39	1.00
1	413.35	383.01	1.00
1	416.11	381.72	1.00
1	418.90	380.50	1.00
1	421.72	379.36	1.00
1	424.58	378.31	1.00
1	427.46	377.34	1.00
1	430.37	376.45	1.00
1	433.30	375.65	1.00
1	436.26	374.94	1.00
1	439.23	374.31	1.00
1	442.23	373.77	1.00
1	445.23	373.32	1.00
1	448.26	372.96	1.00
1	451.29	372.69	1.00
1	454.33	372.51	1.00
1	457.38	372.42	1.00
1	460.42	372.43	1.00
1	463.47	372.53	1.00
1	466.52	372.72	1.00
1	469.55	373.00	1.00
1	472.58	373.37	1.00
1	475.59	373.84	1.00
1	478.59	374.40	1.00
1	481.56	375.05	1.00
1	484.52	375.79	1.00
1	487.45	376.63	1.00
1	490.34	377.56	1.00
1	493.21	378.58	1.00
1	496.04	379.69	1.00
1	498.83	380.90	1.00
1	501.58	382.19	1.00
1	504.29	383.58	1.00
1	506.95	385.06	1.00
1	509.56	386.62	1.00
1	512.12	388.26	1.00
1	514.64	389.99	1.00
1	517.09	391.79	1.00
1	519.49	393.67	1.00
1	521.84	395.62	1.00
1	524.12	397.64	1.00
1	526.34	399.73	1.00
1	528.49	401.89	1.00
1	530.58	404.11	1.00
1	532.61	406.39	1.00
1	534.56	408.73	1.00
1	536.44	411.13	1.00
1	538.24	413.58	1.00
1	539.97	416.09	1.00
1	541.62	418.64	1.00
1	543.20	421.24	1.00
1	544.69	423.89	1.00
1	546.11	426.58	1.00
1	547.45	429.31	1.00
1	548.71	432.07	1.00
1	549.89	434.88	1.00
1	550.99	437.71	1.00
1	552.01	440.58	1.00
1	552.94	443.48	1.00
1	553.79	446.40	1.00
1	554.56	449.35	1.00
1	555.24	452.32	1.00
1	555.84	455.32	1.00
1	556.35	458.32	1.00
1	556.77	461.35	1.00
1	557.11	464.38	1.00
1	557.35	467.43	1.00
1	557.51	470.48	1.00
1	557.57	473.53	1.00
1	557.54	476.58	1.00
1	557.42	479.63	1.00
1	557.20	482.67	1.00
1	556.88	485.70	1.00
1	556.47	488.72	1.00
1	555.96	491.72	1.00
1	555.35	494.70	1.00
1	554.63	497.66	1.00
1	553.82	500.59	1.00
1	552.90	503.49	1.00
1	551.88	506.37	1.00
2	544.43	505.42	2.00
2	543.66	508.28	2.00
2	542.77	511.11	2.00
2	541.76	513.91	2.00
2	540.64	516.66	2.00
2	539.41	519.38	2.00
2	538.07	522.04	2.00
2	536.63	524.64	2.00
2	535.07	527.18	2.00
2	533.42	529.64	2.00
2	531.66	532.03	2.00
2	529.81	534.34	2.00
2	527.86	536.55	2.00
2	525.82	538.67	2.00
2	523.68	540.69	2.00
2	521.46	542.60	2.00
2	519.15	544.39	2.00
2	516.75	546.07	2.00
2	514.28	547.64	2.00
2	511.74	549.09	2.00
2	509.14	550.44	2.00
2	506.47	551.69	2.00
2	503.75	552.83	2.00
2	500.99	553.87	2.00
2	498.17	554.81	2.00
2	495.33	555.66	2.00
2	492.44	556.41	2.00
2	489.53	557.06	2.00
2	486.60	557.63	2.00
2	483.66	558.11	2.00
2	480.70	558.50	2.00
2	477.74	558.81	2.00
2	474.78	559.04	2.00
2	471.82	559.19	2.00
2	468.87	559.26	2.00
2	465.92	559.25	2.00
2	462.98	559.17	2.00
2	460.04	559.01	2.00
2	457.12	558.78	2.00
2	454.20	558.48	2.00
2	451.29	558.11	2.00
2	448.40	557.68	2.00
2	445.51	557.17	2.00
2	442.64	556.61	2.00
2	439.78	555.98	2.00
2	436.93	555.29	2.00
2	434.10	554.54	2.00
2	431.28	553.73	2.00
2	428.48	552.86	2.00
2	425.69	551.94	2.00
2	422.93	550.97	2.00
2	420.18	549.94	2.00
2	417.45	548.87	2.00
2	414.74	547.74	2.00
2	412.06	546.56	2.00
2	409.40	545.33	2.00
2	406.76	544.05	2.00
2	404.15	542.71	2.00
2	401.58	541.32	2.00
2	399.03	539.87	2.00
2	396.52	538.37	2.00
2	394.03	536.81	2.00
2	391.59	535.20	2.00
2	389.18	533.53	2.00
2	386.81	531.80	2.00
2	384.49	530.01	2.00
2	382.20	528.16	2.00
2	379.96	526.25	2.00
2	377.76	524.29	2.00
2	375.62	522.26	2.00
2	373.52	520.17	2.00
2	371.47	518.02	2.00
2	369.47	515.80	2.00
2	367.54	513.53	2.00
2	365.67	511.20	2.00
2	363.88	508.82	2.00
2	362.16	506.38	2.00
2	360.52	503.90	2.00
2	358.97	501.36	2.00
2	357.51	498.78	2.00
2	356.16	496.15	2.00
2	354.90	493.48	2.00
2	353.76	490.77	2.00
2	352.73	488.03	2.00
2	351.82	485.24	2.00
2	351.04	482.42	2.00
2	350.39	479.57	2.00
2	349.88	476.70	2.00
2	349.51	473.79	2.00
2	349.28	470.86	2.00
2	349.18	467.92	2.00
2	349.22	464.97	2.00
2	349.39	462.01	2.00
2	349.69	459.06	2.00
2	350.12	456.12	2.00
2	350.67	453.20	2.00
2	351.34	450.30	2.00
2	352.13	447.42	2.00
2	353.03	444.58	2.00
2	354.05	441.79	2.00
2	355.18	439.04	2.00
2	356.41	436.35	2.00
2	357.76	433.71	2.00
2	359.20	431.14	2.00
2	360.74	428.64	2.00
2	362.38	426.20	2.00
2	364.11	423.83	2.00
2	365.93	421.52	2.00
2	367.82	419.28	2.00
2	369.80	417.10	2.00
2	371.84	414.99	2.00
2	373.96	412.94	2.00
2	376.14	410.96	2.00
2	378.39	409.04	2.00
2	380.69	407.18	2.00
2	383.04	405.40	2.00
2	385.44	403.67	2.00
2	387.89	402.01	2.00
2	390.37	400.41	2.00
2	392.90	398.88	2.00
2	395.45	397.41	2.00
2	398.04	396.01	2.00
2	400.67	394.68	2.00
2	403.32	393.41	2.00
2	406.00	392.22	2.00
2	408.71	391.09	2.00
2	411.45	390.04	2.00
2	414.21	389.06	2.00
2	417.00	388.15	2.00
2	419.80	387.32	2.00
2	422.63	386.56	2.00
2	425.48	385.88	2.00
2	428.35	385.28	2.00
2	431.24	384.76	2.00
2	434.14	384.31	2.00
2	437.05	383.95	2.00
2	439.98	383.68	2.00
2	442.92	383.48	2.00
2	445.86	383.37	2.00
2	448.81	383.35	2.00
2	451.76	383.41	2.00
2	454.70	383.55	2.00
2	457.63	383.79	2.00
2	460.56	384.11	2.00
2	463.48	384.52	2.00
2	466.37	385.02	2.00
2	469.25	385.61	2.00
2	472.11	386.29	2.00
2	474.94	387.06	2.00
2	477.75	387.92	2.00
2	480.52	388.88	2.00
2	483.26	389.93	2.00
2	485.96	391.08	2.00
2	488.62	392.32	2.00
2	491.24	393.64	2.00
2	493.82	395.05	2.00
2	496.35	396.54	2.00
2	498.84	398.11	2.00
2	501.28	399.75	2.00
2	503.67	401.48	2.00
2	506.00	403.27	2.00
2	508.29	405.13	2.00
2	510.52	407.06	2.00
2	512.69	409.05	2.00
2	514.80	411.10	2.00
2	516.85	413.21	2.00
2	518.84	415.38	2.00
2	520.76	417.60	2.00
2	522.62	419.87	2.00
2	524.42	422.19	2.00
2	526.15	424.56	2.00
2	527.81	426.97	2.00
2	529.40	429.42	2.00
2	530.93	431.92	2.00
2	532.39	434.46	2.00
2	533.79	437.04	2.00
2	535.12	439.65	2.00
2	536.38	442.30	2.00
2	537.57	444.99	2.00
2	538.69	447.71	2.00
2	539.75	450.45	2.00
2	540.74	453.23	2.00
2	541.65	456.03	2.00
2	542.50	458.86	2.00
2	543.28	461.71	2.00
2	543.99	464.58	2.00
2	544.62	467.47	2.00
2	545.17	470.37	2.00
2	545.64	473.29	2.00
2	546.02	476.21	2.00
2	546.31	479.15	2.00
2	546.51	482.08	2.00
2	546.62	485.02	2.00
2	546.63	487.96	2.00
2	546.53	490.90	2.00
2	546.33	493.83	2.00
2	546.03	496.75	2.00
2	545.61	499.65	2.00
2	545.08	502.55	2.00
2	544.43	505.42	2.00
3	532.49	506.22	3.00
3	531.82	509.01	3.00
3	531.01	511.78	3.00
3	530.07	514.52	3.00
3	529.01	517.22	3.00
3	527.83	519.87	3.00
3	526.52	522.46	3.00
3	525.10	524.99	3.00
3	523.57	527.44	3.00
3	521.92	529.80	3.00
3	520.16	532.06	3.00
3	518.29	534.23	3.00
3	516.32	536.28	3.00
3	514.25	538.20	3.00
3	512.08	540.00	3.00
3	509.82	541.65	3.00
3	507.46	543.17	3.00
3	505.02	544.55	3.00
3	502.51	545.80	3.00
3	499.92	546.93	3.00
3	497.27	547.94	3.00
3	494.57	548.83	3.00
3	491.81	549.61	3.00
3	489.01	550.28	3.00
3	486.18	550.85	3.00
3	483.31	551.32	3.00
3	480.42	551.70	3.00
3	477.52	551.99	3.00
3	474.60	552.19	3.00
3	471.68	552.32	3.00
3	468.76	552.36	3.00
3	465.86	552.34	3.00
3	462.97	552.26	3.00
3	460.09	552.10	3.00
3	457.23	551.88	3.00
3	454.38	551.60	3.00
3	451.55	551.26	3.00
3	448.74	550.86	3.00
3	445.94	550.40	3.00
3	443.15	549.89	3.00
3	440.38	549.32	3.00
3	437.62	548.69	3.00
3	434.88	548.02	3.00
3	432.16	547.29	3.00
3	429.45	546.52	3.00
3	426.75	545.70	3.00
3	424.07	544.83	3.00
3	421.41	543.92	3.00
3	418.76	542.96	3.00
3	416.12	541.97	3.00
3	413.50	540.93	3.00
3	410.90	539.86	3.00
3	408.31	538.75	3.00
3	405.74	537.60	3.00
3	403.19	536.41	3.00
3	400.65	535.19	3.00
3	398.13	533.93	3.00
3	395.64	532.62	3.00
3	393.16	531.28	3.00
3	390.71	529.89	3.00
3	388.28	528.46	3.00
3	385.88	526.99	3.00
3	383.50	525.47	3.00
3	381.15	523.90	3.00
3	378.83	522.29	3.00
3	376.53	520.63	3.00
3	374.27	518.91	3.00
3	372.04	517.15	3.00
3	369.84	515.34	3.00
3	367.67	513.47	3.00
3	365.54	511.55	3.00
3	363.45	509.57	3.00
3	361.39	507.54	3.00
3	359.38	505.45	3.00
3	357.40	503.31	3.00
3	355.48	501.11	3.00
3	353.61	498.86	3.00
3	351.81	496.56	3.00
3	350.09	494.21	3.00
3	348.45	491.81	3.00
3	346.90	489.37	3.00
3	345.45	486.88	3.00
3	344.10	484.35	3.00
3	342.87	481.78	3.00
3	341.76	479.17	3.00
3	340.78	476.52	3.00
3	339.94	473.84	3.00
3	339.25	471.12	3.00
3	338.71	468.37	3.00
3	338.32	465.59	3.00
3	338.11	462.79	3.00
3	338.06	459.96	3.00
3	338.17	457.12	3.00
3	338.44	454.28	3.00
3	338.85	451.44	3.00
3	339.41	448.62	3.00
3	340.12	445.82	3.00
3	340.95	443.04	3.00
3	341.92	440.31	3.00
3	343.01	437.62	3.00
3	344.23	434.98	3.00
3	345.56	432.41	3.00
3	347.00	429.91	3.00
3	348.54	427.48	3.00
3	350.19	425.15	3.00
3	351.94	422.90	3.00
3	353.78	420.73	3.00
3	355.70	418.65	3.00
3	357.71	416.65	3.00
3	359.79	414.72	3.00
3	361.94	412.88	3.00
3	364.16	411.10	3.00
3	366.44	409.40	3.00
3	368.78	407.77	3.00
3	371.17	406.20	3.00
3	373.60	404.70	3.00
3	376.08	403.26	3.00
3	378.59	401.88	3.00
3	381.13	400.56	3.00
3	383.70	399.30	3.00
3	386.29	398.09	3.00
3	388.90	396.94	3.00
3	391.53	395.84	3.00
3	394.17	394.80	3.00
3	396.84	393.82	3.00
3	399.52	392.89	3.00
3	402.22	392.03	3.00
3	404.94	391.24	3.00
3	407.67	390.50	3.00
3	410.41	389.83	3.00
3	413.17	389.23	3.00
3	415.94	388.69	3.00
3	418.73	388.23	3.00
3	421.53	387.83	3.00
3	424.33	387.50	3.00
3	427.16	387.25	3.00
3	429.99	387.07	3.00
3	432.82	386.97	3.00
3	435.67	386.94	3.00
3	438.52	386.98	3.00
3	441.36	387.11	3.00
3	444.21	387.32	3.00
3	447.04	387.60	3.00
3	449.86	387.97	3.00
3	452.67	388.42	3.00
3	455.47	388.96	3.00
3	458.24	389.58	3.00
3	460.99	390.29	3.00
3	463.71	391.09	3.00
3	466.41	391.97	3.00
3	469.06	392.95	3.00
3	471.69	394.01	3.00
3	474.27	395.17	3.00
3	476.81	396.42	3.00
3	479.31	397.75	3.00
3	481.77	399.17	3.00
3	484.18	400.67	3.00
3	486.55	402.25	3.00
3	488.86	403.90	3.00
3	491.13	405.62	3.00
3	493.35	407.41	3.00
3	495.51	409.26	3.00
3	497.62	411.17	3.00
3	499.68	413.14	3.00
3	501.68	415.17	3.00
3	503.62	417.25	3.00
3	505.50	419.38	3.00
3	507.33	421.55	3.00
3	509.09	423.77	3.00
3	510.79	426.03	3.00
3	512.44	428.33	3.00
3	514.02	430.66	3.00
3	515.55	433.04	3.00
3	517.01	435.45	3.00
3	518.42	437.90	3.00
3	519.77	440.39	3.00
3	521.07	442.90	3.00
3	522.31	445.45	3.00
3	523.49	448.03	3.00
3	524.62	450.63	3.00
3	525.69	453.27	3.00
3	526.70	455.93	3.00
3	527.67	458.61	3.00
3	528.58	461.32	3.00
3	529.43	464.05	3.00
3	530.23	466.80	3.00
3	530.96	469.57	3.00
3	531.63	472.35	3.00
3	532.22	475.15	3.00
3	532.74	477.96	3.00
3	533.17	480.78	3.00
3	533.52	483.61	3.00
3	533.77	486.44	3.00
3	533.92	489.27	3.00
3	533.97	492.11	3.00
3	533.91	494.94	3.00
3	533.74	497.77	3.00
3	533.45	500.59	3.00
3	533.03	503.41	3.00
3	532.49	506.22	3.00
4	529.36	488.68	4.00
4	529.24	491.48	4.00
4	528.98	494.29	4.00
4	528.58	497.09	4.00
4	528.03	499.88	4.00
4	527.35	502.63	4.00
4	526.52	505.34	4.00
4	525.55	507.99	4.00
4	524.45	510.57	4.00
4	523.21	513.07	4.00
4	521.83	515.47	4.00
4	520.31	517.75	4.00
4	518.66	519.92	4.00
4	516.88	521.94	4.00
4	514.96	523.82	4.00
4	512.92	525.55	4.00
4	510.76	527.13	4.00
4	508.50	528.58	4.00
4	506.13	529.89	4.00
4	503.68	531.08	4.00
4	501.14	532.15	4.00
4	498.53	533.10	4.00
4	495.86	533.95	4.00
4	493.14	534.69	4.00
4	490.37	535.34	4.00
4	487.56	535.90	4.00
4	484.72	536.37	4.00
4	481.87	536.77	4.00
4	479.01	537.09	4.00
4	476.15	537.35	4.00
4	473.29	537.55	4.00
4	470.45	537.69	4.00
4	467.63	537.77	4.00
4	464.82	537.81	4.00
4	462.02	537.79	4.00
4	459.24	537.72	4.00
4	456.47	537.60	4.00
4	453.71	537.44	4.00
4	450.97	537.23	4.00
4	448.24	536.97	4.00
4	445.52	536.67	4.00
4	442.82	536.32	4.00
4	440.12	535.94	4.00
4	437.44	535.51	4.00
4	434.77	535.05	4.00
4	432.11	534.54	4.00
4	429.46	534.00	4.00
4	426.82	533.43	4.00
4	424.19	532.82	4.00
4	421.57	532.18	4.00
4	418.95	531.50	4.00
4	416.35	530.80	4.00
4	413.75	530.07	4.00
4	411.17	529.30	4.00
4	408.59	528.51	4.00
4	406.02	527.70	4.00
4	403.46	526.85	4.00
4	400.91	525.96	4.00
4	398.37	525.05	4.00
4	395.83	524.10	4.00
4	393.31	523.11	4.00
4	390.80	522.09	4.00
4	388.31	521.02	4.00
4	385.82	519.92	4.00
4	383.35	518.78	4.00
4	380.89	517.59	4.00
4	378.44	516.37	4.00
4	376.00	515.09	4.00
4	373.58	513.78	4.00
4	371.18	512.41	4.00
4	368.79	511.00	4.00
4	366.41	509.53	4.00
4	364.05	508.02	4.00
4	361.70	506.45	4.00
4	359.37	504.83	4.00
4	357.06	503.16	4.00
4	354.77	501.43	4.00
4	352.51	499.64	4.00
4	350.30	497.80	4.00
4	348.13	495.90	4.00
4	346.03	493.95	4.00
4	344.01	491.94	4.00
4	342.07	489.88	4.00
4	340.23	487.75	4.00
4	338.49	485.57	4.00
4	336.87	483.33	4.00
4	335.38	481.04	4.00
4	334.03	478.68	4.00
4	332.83	476.27	4.00
4	331.79	473.80	4.00
4	330.92	471.27	4.00
4	330.23	468.69	4.00
4	329.74	466.04	4.00
4	329.43	463.35	4.00
4	329.31	460.61	4.00
4	329.36	457.86	4.00
4	329.58	455.09	4.00
4	329.97	452.31	4.00
4	330.51	449.55	4.00
4	331.21	446.81	4.00
4	332.05	444.10	4.00
4	333.02	441.43	4.00
4	334.14	438.83	4.00
4	335.37	436.29	4.00
4	336.73	433.83	4.00
4	338.20	431.46	4.00
4	339.77	429.19	4.00
4	341.45	427.00	4.00
4	343.22	424.91	4.00
4	345.08	422.90	4.00
4	347.03	420.96	4.00
4	349.05	419.11	4.00
4	351.14	417.32	4.00
4	353.29	415.61	4.00
4	355.50	413.96	4.00
4	357.77	412.37	4.00
4	360.08	410.84	4.00
4	362.43	409.36	4.00
4	364.81	407.94	4.00
4	367.23	406.56	4.00
4	369.66	405.23	4.00
4	372.11	403.93	4.00
4	374.57	402.67	4.00
4	377.05	401.46	4.00
4	379.54	400.29	4.00
4	382.04	399.17	4.00
4	384.57	398.09	4.00
4	387.10	397.05	4.00
4	389.65	396.07	4.00
4	392.22	395.14	4.00
4	394.81	394.27	4.00
4	397.41	393.44	4.00
4	400.02	392.68	4.00
4	402.66	391.97	4.00
4	405.31	391.32	4.00
4	407.97	390.73	4.00
4	410.66	390.20	4.00
4	413.36	389.74	4.00
4	416.08	389.34	4.00
4	418.81	389.01	4.00
4	421.56	388.75	4.00
4	424.31	388.57	4.00
4	427.06	388.45	4.00
4	429.82	388.42	4.00
4	432.58	388.46	4.00
4	435.33	388.58	4.00
4	438.08	388.79	4.00
4	440.81	389.08	4.00
4	443.53	389.45	4.00
4	446.23	389.92	4.00
4	448.92	390.48	4.00
4	451.58	391.13	4.00
4	454.21	391.87	4.00
4	456.82	392.71	4.00
4	459.39	393.64	4.00
4	461.94	394.66	4.00
4	464.45	395.77	4.00
4	466.93	396.96	4.00
4	469.37	398.23	4.00
4	471.77	399.57	4.00
4	474.14	400.98	4.00
4	476.46	402.47	4.00
4	478.75	404.01	4.00
4	480.99	405.62	4.00
4	483.18	407.29	4.00
4	485.33	409.01	4.00
4	487.44	410.78	4.00
4	489.49	412.60	4.00
4	491.49	414.47	4.00
4	493.45	416.38	4.00
4	495.36	418.33	4.00
4	497.22	420.33	4.00
4	499.03	422.36	4.00
4	500.80	424.43	4.00
4	502.53	426.54	4.00
4	504.22	428.69	4.00
4	505.86	430.88	4.00
4	507.47	433.09	4.00
4	509.03	435.34	4.00
4	510.56	437.62	4.00
4	512.05	439.93	4.00
4	513.51	442.28	4.00
4	514.93	444.64	4.00
4	516.31	447.04	4.00
4	517.67	449.46	4.00
4	518.98	451.91	4.00
4	520.25	454.38	4.00
4	521.46	456.87	4.00
4	522.62	459.40	4.00
4	523.71	461.94	4.00
4	524.72	464.51	4.00
4	525.66	467.10	4.00
4	526.51	469.72	4.00
4	527.26	472.36	4.00
4	527.90	475.02	4.00
4	528.44	477.71	4.00
4	528.86	480.42	4.00
4	529.16	483.15	4.00
4	529.33	485.91	4.00
4	529.36	488.68	4.00
5	522.20	487.06	5.00
5	521.94	489.79	5.00
5	521.54	492.53	5.00
5	520.97	495.26	5.00
5	520.26	497.95	5.00
5	519.40	500.59	5.00
5	518.39	503.17	5.00
5	517.23	505.66	5.00
5	515.93	508.05	5.00
5	514.49	510.32	5.00
5	512.91	512.44	5.00
5	511.19	514.41	5.00
5	509.34	516.20	5.00
5	507.35	517.80	5.00
5	505.24	519.20	5.00
5	503.01	520.42	5.00
5	500.67	521.46	5.00
5	498.24	522.35	5.00
5	495.72	523.07	5.00
5	493.13	523.66	5.00
5	490.46	524.11	5.00
5	487.74	524.43	5.00
5	484.98	524.64	5.00
5	482.17	524.74	5.00
5	479.34	524.75	5.00
5	476.49	524.68	5.00
5	473.63	524.53	5.00
5	470.77	524.31	5.00
5	467.93	524.03	5.00
5	465.10	523.71	5.00
5	462.31	523.36	5.00
5	459.54	522.96	5.00
5	456.80	522.53	5.00
5	454.09	522.06	5.00
5	451.40	521.55	5.00
5	448.74	521.02	5.00
5	446.10	520.44	5.00
5	443.49	519.84	5.00
5	440.89	519.20	5.00
5	438.32	518.53	5.00
5	435.77	517.83	5.00
5	433.24	517.10	5.00
5	430.72	516.35	5.00
5	428.23	515.56	5.00
5	425.75	514.75	5.00
5	423.29	513.91	5.00
5	420.84	513.04	5.00
5	418.41	512.15	5.00
5	416.00	511.23	5.00
5	413.59	510.29	5.00
5	411.20	509.33	5.00
5	408.82	508.34	5.00
5	406.44	507.34	5.00
5	404.08	506.31	5.00
5	401.73	505.26	5.00
5	399.38	504.20	5.00
5	397.05	503.11	5.00
5	394.72	501.99	5.00
5	392.40	500.85	5.00
5	390.09	499.69	5.00
5	387.79	498.50	5.00
5	385.50	497.28	5.00
5	383.21	496.03	5.00
5	380.94	494.75	5.00
5	378.67	493.44	5.00
5	376.41	492.09	5.00
5	374.16	490.71	5.00
5	371.92	489.30	5.00
5	369.69	487.85	5.00
5	367.46	486.36	5.00
5	365.25	484.84	5.00
5	363.04	483.27	5.00
5	360.84	481.66	5.00
5	358.65	480.02	5.00
5	356.47	478.32	5.00
5	354.30	476.59	5.00
5	352.13	474.81	5.00
5	349.98	472.98	5.00
5	347.83	471.10	5.00
5	345.71	469.18	5.00
5	343.63	467.21	5.00
5	341.60	465.20	5.00
5	339.64	463.14	5.00
5	337.75	461.04	5.00
5	335.96	458.89	5.00
5	334.28	456.70	5.00
5	332.72	454.46	5.00
5	331.30	452.18	5.00
5	330.02	449.87	5.00
5	328.91	447.51	5.00
5	327.98	445.11	5.00
5	327.24	442.66	5.00
5	326.70	440.18	5.00
5	326.38	437.67	5.00
5	326.29	435.11	5.00
5	326.43	432.52	5.00
5	326.79	429.92	5.00
5	327.36	427.32	5.00
5	328.12	424.73	5.00
5	329.06	422.17	5.00
5	330.16	419.65	5.00
5	331.43	417.18	5.00
5	332.84	414.78	5.00
5	334.39	412.46	5.00
5	336.05	410.23	5.00
5	337.82	408.12	5.00
5	339.69	406.13	5.00
5	341.65	404.27	5.00
5	343.69	402.53	5.00
5	345.80	400.90	5.00
5	347.99	399.39	5.00
5	350.24	397.98	5.00
5	352.55	396.66	5.00
5	354.91	395.43	5.00
5	357.32	394.29	5.00
5	359.77	393.22	5.00
5	362.25	392.22	5.00
5	364.77	391.28	5.00
5	367.31	390.39	5.00
5	369.87	389.55	5.00
5	372.45	388.76	5.00
5	375.03	388.00	5.00
5	377.62	387.27	5.00
5	380.21	386.56	5.00
5	382.80	385.88	5.00
5	385.39	385.23	5.00
5	387.98	384.62	5.00
5	390.57	384.04	5.00
5	393.17	383.49	5.00
5	395.77	382.99	5.00
5	398.37	382.53	5.00
5	400.98	382.11	5.00
5	403.59	381.73	5.00
5	406.21	381.40	5.00
5	408.84	381.12	5.00
5	411.47	380.90	5.00
5	414.11	380.73	5.00
5	416.75	380.61	5.00
5	419.41	380.55	5.00
5	422.07	380.55	5.00
5	424.74	380.62	5.00
5	427.41	380.75	5.00
5	430.07	380.94	5.00
5	432.74	381.21	5.00
5	435.39	381.55	5.00
5	438.03	381.96	5.00
5	440.66	382.45	5.00
5	443.26	383.01	5.00
5	445.85	383.66	5.00
5	448.41	384.39	5.00
5	450.94	385.20	5.00
5	453.43	386.10	5.00
5	455.89	387.09	5.00
5	458.32	388.17	5.00
5	460.70	389.34	5.00
5	463.04	390.59	5.00
5	465.34	391.93	5.00
5	467.59	393.35	5.00
5	469.80	394.83	5.00
5	471.97	396.39	5.00
5	474.09	398.01	5.00
5	476.17	399.70	5.00
5	478.20	401.44	5.00
5	480.18	403.23	5.00
5	482.12	405.08	5.00
5	484.00	406.97	5.00
5	485.84	408.90	5.00
5	487.63	410.87	5.00
5	489.37	412.87	5.00
5	491.06	414.90	5.00
5	492.71	416.97	5.00
5	494.31	419.07	5.00
5	495.87	421.20	5.00
5	497.39	423.36	5.00
5	498.88	425.54	5.00
5	500.33	427.75	5.00
5	501.74	429.99	5.00
5	503.12	432.25	5.00
5	504.47	434.54	5.00
5	505.79	436.85	5.00
5	507.09	439.17	5.00
5	508.36	441.52	5.00
5	509.61	443.89	5.00
5	510.84	446.28	5.00
5	512.05	448.68	5.00
5	513.23	451.10	5.00
5	514.38	453.54	5.00
5	515.49	456.00	5.00
5	516.54	458.47	5.00
5	517.53	460.97	5.00
5	518.46	463.48	5.00
5	519.30	466.02	5.00
5	520.06	468.57	5.00
5	520.73	471.15	5.00
5	521.28	473.74	5.00
5	521.73	476.36	5.00
5	522.05	479.00	5.00
5	522.24	481.67	5.00
5	522.29	484.35	5.00
5	522.20	487.06	5.00
6	529.21	467.68	6.00
6	529.54	470.36	6.00
6	529.73	473.09	6.00
6	529.75	475.84	6.00
6	529.60	478.58	6.00
6	529.29	481.30	6.00
6	528.81	483.96	6.00
6	528.15	486.54	6.00
6	527.32	489.02	6.00
6	526.30	491.37	6.00
6	525.10	493.56	6.00
6	523.72	495.58	6.00
6	522.14	497.39	6.00
6	520.39	499.00	6.00
6	518.46	500.42	6.00
6	516.38	501.66	6.00
6	514.16	502.73	6.00
6	511.81	503.64	6.00
6	509.35	504.40	6.00
6	506.79	505.03	6.00
6	504.14	505.53	6.00
6	501.42	505.91	6.00
6	498.64	506.19	6.00
6	495.81	506.39	6.00
6	492.96	506.50	6.00
6	490.08	506.54	6.00
6	487.20	506.52	6.00
6	484.33	506.46	6.00
6	481.48	506.35	6.00
6	478.67	506.23	6.00
6	475.88	506.07	6.00
6	473.13	505.88	6.00
6	470.40	505.67	6.00
6	467.70	505.44	6.00
6	465.03	505.18	6.00
6	462.39	504.89	6.00
6	459.77	504.58	6.00
6	457.18	504.24	6.00
6	454.60	503.88	6.00
6	452.05	503.50	6.00
6	449.52	503.10	6.00
6	447.01	502.67	6.00
6	444.52	502.22	6.00
6	442.05	501.74	6.00
6	439.59	501.25	6.00
6	437.14	500.74	6.00
6	434.71	500.20	6.00
6	432.30	499.65	6.00
6	429.89	499.07	6.00
6	427.50	498.48	6.00
6	425.12	497.87	6.00
6	422.74	497.24	6.00
6	420.37	496.59	6.00
6	418.01	495.92	6.00
6	415.65	495.24	6.00
6	413.30	494.54	6.00
6	410.95	493.82	6.00
6	408.61	493.09	6.00
6	406.26	492.33	6.00
6	403.92	491.55	6.00
6	401.58	490.75	6.00
6	399.24	489.93	6.00
6	396.90	489.08	6.00
6	394.56	488.21	6.00
6	392.22	487.31	6.00
6	389.87	486.38	6.00
6	387.52	485.43	6.00
6	385.17	484.45	6.00
6	382.81	483.44	6.00
6	380.45	482.40	6.00
6	378.08	481.32	6.00
6	375.70	480.22	6.00
6	373.32	479.08	6.00
6	370.93	477.90	6.00
6	368.53	476.70	6.00
6	366.12	475.45	6.00
6	363.70	474.17	6.00
6	361.27	472.85	6.00
6	358.83	471.49	6.00
6	356.38	470.09	6.00
6	353.91	468.65	6.00
6	351.45	467.16	6.00
6	349.01	465.63	6.00
6	346.61	464.06	6.00
6	344.26	462.43	6.00
6	341.99	460.75	6.00
6	339.80	459.02	6.00
6	337.73	457.24	6.00
6	335.78	455.39	6.00
6	333.97	453.48	6.00
6	332.32	451.52	6.00
6	330.86	449.48	6.00
6	329.58	447.38	6.00
6	328.52	445.21	6.00
6	327.69	442.97	6.00
6	327.11	440.66	6.00
6	326.79	438.27	6.00
6	326.74	435.82	6.00
6	326.94	433.32	6.00
6	327.37	430.78	6.00
6	328.03	428.24	6.00
6	328.88	425.71	6.00
6	329.92	423.21	6.00
6	331.14	420.76	6.00
6	332.50	418.37	6.00
6	334.01	416.07	6.00
6	335.64	413.88	6.00
6	337.37	411.82	6.00
6	339.20	409.89	6.00
6	341.12	408.09	6.00
6	343.11	406.42	6.00
6	345.18	404.86	6.00
6	347.32	403.41	6.00
6	349.52	402.06	6.00
6	351.77	400.80	6.00
6	354.08	399.62	6.00
6	356.42	398.52	6.00
6	358.81	397.48	6.00
6	361.22	396.50	6.00
6	363.66	395.57	6.00
6	366.12	394.67	6.00
6	368.60	393.81	6.00
6	371.08	392.98	6.00
6	373.56	392.16	6.00
6	376.03	391.35	6.00
6	378.51	390.55	6.00
6	380.98	389.77	6.00
6	383.45	389.00	6.00
6	385.92	388.26	6.00
6	388.40	387.54	6.00
6	390.87	386.84	6.00
6	393.36	386.18	6.00
6	395.84	385.54	6.00
6	398.34	384.94	6.00
6	400.84	384.37	6.00
6	403.35	383.85	6.00
6	405.87	383.36	6.00
6	408.40	382.92	6.00
6	410.94	382.53	6.00
6	413.49	382.18	6.00
6	416.06	381.89	6.00
6	418.65	381.65	6.00
6	421.24	381.47	6.00
6	423.83	381.35	6.00
6	426.43	381.30	6.00
6	429.03	381.31	6.00
6	431.63	381.40	6.00
6	434.22	381.56	6.00
6	436.80	381.80	6.00
6	439.37	382.11	6.00
6	441.92	382.52	6.00
6	444.45	383.01	6.00
6	446.96	383.59	6.00
6	449.45	384.26	6.00
6	451.91	385.04	6.00
6	454.33	385.90	6.00
6	456.73	386.85	6.00
6	459.10	387.88	6.00
6	461.44	389.00	6.00
6	463.74	390.18	6.00
6	466.01	391.44	6.00
6	468.25	392.76	6.00
6	470.45	394.15	6.00
6	472.61	395.59	6.00
6	474.74	397.08	6.00
6	476.83	398.63	6.00
6	478.88	400.21	6.00
6	480.89	401.84	6.00
6	482.86	403.50	6.00
6	484.79	405.19	6.00
6	486.69	406.92	6.00
6	488.56	408.68	6.00
6	490.40	410.47	6.00
6	492.21	412.29	6.00
6	493.99	414.13	6.00
6	495.75	416.00	6.00
6	497.49	417.89	6.00
6	499.21	419.80	6.00
6	500.92	421.74	6.00
6	502.61	423.69	6.00
6	504.30	425.65	6.00
6	505.97	427.64	6.00
6	507.64	429.63	6.00
6	509.30	431.64	6.00
6	510.96	433.66	6.00
6	512.61	435.69	6.00
6	514.23	437.74	6.00
6	515.83	439.81	6.00
6	517.39	441.91	6.00
6	518.90	444.03	6.00
6	520.36	446.19	6.00
6	521.74	448.38	6.00
6	523.05	450.61	6.00
6	524.27	452.89	6.00
6	525.39	455.21	6.00
6	526.40	457.59	6.00
6	527.30	460.02	6.00
6	528.07	462.51	6.00
6	528.71	465.06	6.00
6	529.21	467.68	6.00
7	538.28	448.98	7.00
7	539.19	451.51	7.00
7	539.95	454.13	7.00
7	540.56	456.79	7.00
7	540.99	459.48	7.00
7	541.24	462.15	7.00
7	541.30	464.78	7.00
7	541.14	467.34	7.00
7	540.77	469.79	7.00
7	540.16	472.10	7.00
7	539.31	474.24	7.00
7	538.20	476.19	7.00
7	536.84	477.93	7.00
7	535.24	479.48	7.00
7	533.44	480.84	7.00
7	531.44	482.04	7.00
7	529.27	483.08	7.00
7	526.93	483.98	7.00
7	524.46	484.75	7.00
7	521.87	485.39	7.00
7	519.17	485.92	7.00
7	516.40	486.36	7.00
7	513.55	486.71	7.00
7	510.66	486.98	7.00
7	507.75	487.19	7.00
7	504.82	487.36	7.00
7	501.90	487.48	7.00
7	499.01	487.57	7.00
7	496.16	487.65	7.00
7	493.34	487.71	7.00
7	490.57	487.74	7.00
7	487.83	487.76	7.00
7	485.12	487.77	7.00
7	482.45	487.75	7.00
7	479.80	487.72	7.00
7	477.19	487.66	7.00
7	474.61	487.59	7.00
7	472.05	487.51	7.00
7	469.52	487.40	7.00
7	467.02	487.28	7.00
7	464.54	487.14	7.00
7	462.08	486.98	7.00
7	459.64	486.81	7.00
7	457.22	486.62	7.00
7	454.82	486.41	7.00
7	452.43	486.19	7.00
7	450.06	485.95	7.00
7	447.70	485.70	7.00
7	445.36	485.43	7.00
7	443.02	485.14	7.00
7	440.70	484.84	7.00
7	438.38	484.53	7.00
7	436.07	484.19	7.00
7	433.76	483.85	7.00
7	431.46	483.48	7.00
7	429.16	483.11	7.00
7	426.86	482.71	7.00
7	424.56	482.31	7.00
7	422.26	481.88	7.00
7	419.96	481.44	7.00
7	417.65	480.98	7.00
7	415.34	480.50	7.00
7	413.02	480.01	7.00
7	410.69	479.49	7.00
7	408.36	478.95	7.00
7	406.01	478.40	7.00
7	403.65	477.82	7.00
7	401.28	477.22	7.00
7	398.90	476.60	7.00
7	396.50	475.96	7.00
7	394.08	475.29	7.00
7	391.65	474.59	7.00
7	389.19	473.88	7.00
7	386.72	473.14	7.00
7	384.22	472.37	7.00
7	381.70	471.57	7.00
7	379.16	470.75	7.00
7	376.59	469.90	7.00
7	373.99	469.03	7.00
7	371.36	468.12	7.00
7	368.71	467.19	7.00
7	366.02	466.22	7.00
7	363.31	465.23	7.00
7	360.58	464.20	7.00
7	357.85	463.13	7.00
7	355.14	462.01	7.00
7	352.48	460.84	7.00
7	349.89	459.62	7.00
7	347.39	458.34	7.00
7	345.00	456.99	7.00
7	342.74	455.57	7.00
7	340.63	454.07	7.00
7	338.69	452.49	7.00
7	336.95	450.82	7.00
7	335.43	449.05	7.00
7	334.14	447.19	7.00
7	333.12	445.22	7.00
7	332.37	443.14	7.00
7	331.92	440.95	7.00
7	331.78	438.65	7.00
7	331.93	436.26	7.00
7	332.34	433.82	7.00
7	332.99	431.34	7.00
7	333.87	428.86	7.00
7	334.94	426.40	7.00
7	336.19	423.98	7.00
7	337.60	421.64	7.00
7	339.15	419.40	7.00
7	340.80	417.28	7.00
7	342.56	415.30	7.00
7	344.39	413.47	7.00
7	346.31	411.77	7.00
7	348.30	410.19	7.00
7	350.35	408.72	7.00
7	352.47	407.36	7.00
7	354.64	406.09	7.00
7	356.86	404.90	7.00
7	359.12	403.79	7.00
7	361.42	402.74	7.00
7	363.75	401.75	7.00
7	366.10	400.80	7.00
7	368.47	399.88	7.00
7	370.85	398.99	7.00
7	373.24	398.12	7.00
7	375.63	397.25	7.00
7	378.01	396.39	7.00
7	380.38	395.51	7.00
7	382.75	394.64	7.00
7	385.11	393.78	7.00
7	387.48	392.92	7.00
7	389.84	392.07	7.00
7	392.21	391.23	7.00
7	394.57	390.41	7.00
7	396.95	389.61	7.00
7	399.32	388.83	7.00
7	401.71	388.07	7.00
7	404.11	387.34	7.00
7	406.51	386.65	7.00
7	408.93	385.99	7.00
7	411.36	385.36	7.00
7	413.81	384.77	7.00
7	416.27	384.23	7.00
7	418.75	383.74	7.00
7	421.25	383.29	7.00
7	423.75	382.90	7.00
7	426.27	382.57	7.00
7	428.79	382.31	7.00
7	431.31	382.11	7.00
7	433.84	381.98	7.00
7	436.36	381.93	7.00
7	438.88	381.96	7.00
7	441.39	382.08	7.00
7	443.90	382.29	7.00
7	446.39	382.59	7.00
7	448.86	382.98	7.00
7	451.32	383.48	7.00
7	453.76	384.07	7.00
7	456.19	384.74	7.00
7	458.59	385.50	7.00
7	460.97	386.34	7.00
7	463.33	387.25	7.00
7	465.66	388.23	7.00
7	467.97	389.27	7.00
7	470.26	390.37	7.00
7	472.52	391.52	7.00
7	474.75	392.73	7.00
7	476.95	393.97	7.00
7	479.12	395.26	7.00
7	481.26	396.58	7.00
7	483.37	397.94	7.00
7	485.46	399.32	7.00
7	487.53	400.74	7.00
7	489.58	402.18	7.00
7	491.60	403.64	7.00
7	493.62	405.13	7.00
7	495.62	406.63	7.00
7	497.61	408.15	7.00
7	499.60	409.69	7.00
7	501.58	411.24	7.00
7	503.55	412.79	7.00
7	505.53	414.36	7.00
7	507.50	415.92	7.00
7	509.49	417.49	7.00
7	511.48	419.06	7.00
7	513.47	420.63	7.00
7	515.46	422.21	7.00
7	517.45	423.80	7.00
7	519.41	425.41	7.00
7	521.35	427.05	7.00
7	523.25	428.72	7.00
7	525.10	430.44	7.00
7	526.90	432.20	7.00
7	528.64	434.03	7.00
7	530.30	435.91	7.00
7	531.89	437.87	7.00
7	533.38	439.91	7.00
7	534.77	442.03	7.00
7	536.06	444.24	7.00
7	537.23	446.56	7.00
7	538.28	448.98	7.00
8	548.26	467.58	8.00
8	548.93	470.20	8.00
8	549.45	472.88	8.00
8	549.80	475.60	8.00
8	549.98	478.29	8.00
8	549.96	480.92	8.00
8	549.74	483.45	8.00
8	549.30	485.84	8.00
8	548.63	488.03	8.00
8	547.71	489.99	8.00
8	546.54	491.68	8.00
8	545.11	493.08	8.00
8	543.44	494.21	8.00
8	541.56	495.10	8.00
8	539.48	495.75	8.00
8	537.23	496.20	8.00
8	534.82	496.45	8.00
8	532.28	496.53	8.00
8	529.61	496.45	8.00
8	526.85	496.23	8.00
8	524.01	495.90	8.00
8	521.11	495.46	8.00
8	518.17	494.94	8.00
8	515.22	494.36	8.00
8	512.26	493.73	8.00
8	509.32	493.07	8.00
8	506.42	492.40	8.00
8	503.57	491.74	8.00
8	500.77	491.08	8.00
8	498.02	490.42	8.00
8	495.32	489.76	8.00
8	492.66	489.10	8.00
8	490.05	488.45	8.00
8	487.48	487.79	8.00
8	484.95	487.13	8.00
8	482.46	486.48	8.00
8	480.01	485.82	8.00
8	477.59	485.16	8.00
8	475.21	484.50	8.00
8	472.86	483.83	8.00
8	470.53	483.16	8.00
8	468.24	482.48	8.00
8	465.98	481.80	8.00
8	463.74	481.12	8.00
8	461.53	480.43	8.00
8	459.33	479.73	8.00
8	457.16	479.03	8.00
8	455.01	478.31	8.00
8	452.87	477.59	8.00
8	450.75	476.86	8.00
8	448.65	476.13	8.00
8	446.56	475.38	8.00
8	444.47	474.62	8.00
8	442.40	473.85	8.00
8	440.34	473.06	8.00
8	438.28	472.27	8.00
8	436.22	471.46	8.00
8	434.17	470.64	8.00
8	432.12	469.81	8.00
8	430.06	468.96	8.00
8	428.01	468.09	8.00
8	425.95	467.21	8.00
8	423.88	466.31	8.00
8	421.81	465.40	8.00
8	419.73	464.46	8.00
8	417.64	463.51	8.00
8	415.54	462.54	8.00
8	413.43	461.54	8.00
8	411.29	460.53	8.00
8	409.15	459.49	8.00
8	406.98	458.43	8.00
8	404.80	457.35	8.00
8	402.59	456.24	8.00
8	400.36	455.11	8.00
8	398.10	453.95	8.00
8	395.82	452.77	8.00
8	393.51	451.56	8.00
8	391.18	450.32	8.00
8	388.81	449.06	8.00
8	386.40	447.76	8.00
8	383.97	446.44	8.00
8	381.50	445.08	8.00
8	378.99	443.70	8.00
8	376.44	442.28	8.00
8	373.85	440.83	8.00
8	371.23	439.35	8.00
8	368.61	437.83	8.00
8	366.02	436.28	8.00
8	363.49	434.70	8.00
8	361.03	433.08	8.00
8	358.68	431.43	8.00
8	356.46	429.74	8.00
8	354.41	428.01	8.00
8	352.54	426.25	8.00
8	350.89	424.45	8.00
8	349.47	422.61	8.00
8	348.33	420.74	8.00
8	347.48	418.82	8.00
8	346.95	416.87	8.00
8	346.77	414.88	8.00
8	346.97	412.85	8.00
8	347.54	410.78	8.00
8	348.46	408.71	8.00
8	349.69	406.65	8.00
8	351.19	404.62	8.00
8	352.91	402.64	8.00
8	354.82	400.75	8.00
8	356.88	398.96	8.00
8	359.06	397.29	8.00
8	361.30	395.78	8.00
8	363.58	394.43	8.00
8	365.89	393.24	8.00
8	368.22	392.21	8.00
8	370.57	391.32	8.00
8	372.94	390.56	8.00
8	375.33	389.91	8.00
8	377.73	389.38	8.00
8	380.15	388.94	8.00
8	382.58	388.58	8.00
8	385.02	388.29	8.00
8	387.47	388.06	8.00
8	389.92	387.88	8.00
8	392.38	387.74	8.00
8	394.85	387.62	8.00
8	397.31	387.51	8.00
8	399.77	387.40	8.00
8	402.24	387.29	8.00
8	404.69	387.15	8.00
8	407.15	387.00	8.00
8	409.60	386.84	8.00
8	412.05	386.68	8.00
8	414.50	386.51	8.00
8	416.95	386.34	8.00
8	419.40	386.17	8.00
8	421.85	386.02	8.00
8	424.31	385.87	8.00
8	426.76	385.74	8.00
8	429.21	385.63	8.00
8	431.67	385.54	8.00
8	434.13	385.48	8.00
8	436.60	385.45	8.00
8	439.06	385.45	8.00
8	441.54	385.49	8.00
8	444.02	385.57	8.00
8	446.50	385.69	8.00
8	448.98	385.87	8.00
8	451.45	386.09	8.00
8	453.91	386.38	8.00
8	456.37	386.74	8.00
8	458.80	387.16	8.00
8	461.22	387.65	8.00
8	463.62	388.22	8.00
8	465.99	388.87	8.00
8	468.33	389.61	8.00
8	470.63	390.43	8.00
8	472.90	391.36	8.00
8	475.14	392.37	8.00
8	477.34	393.46	8.00
8	479.50	394.64	8.00
8	481.63	395.89	8.00
8	483.72	397.20	8.00
8	485.78	398.58	8.00
8	487.80	400.01	8.00
8	489.79	401.50	8.00
8	491.75	403.03	8.00
8	493.68	404.60	8.00
8	495.57	406.20	8.00
8	497.44	407.83	8.00
8	499.27	409.48	8.00
8	501.08	411.16	8.00
8	502.86	412.86	8.00
8	504.62	414.57	8.00
8	506.37	416.30	8.00
8	508.10	418.04	8.00
8	509.82	419.80	8.00
8	511.53	421.56	8.00
8	513.23	423.33	8.00
8	514.93	425.10	8.00
8	516.63	426.87	8.00
8	518.34	428.64	8.00
8	520.04	430.41	8.00
8	521.76	432.17	8.00
8	523.49	433.92	8.00
8	525.23	435.67	8.00
8	526.98	437.40	8.00
8	528.74	439.14	8.00
8	530.48	440.88	8.00
8	532.21	442.64	8.00
8	533.91	444.42	8.00
8	535.58	446.22	8.00
8	537.20	448.07	8.00
8	538.77	449.96	8.00
8	540.27	451.90	8.00
8	541.70	453.90	8.00
8	543.06	455.97	8.00
8	544.32	458.12	8.00
8	545.48	460.34	8.00
8	546.53	462.65	8.00
8	547.46	465.06	8.00
8	548.26	467.58	8.00
9	559.49	450.42	9.00
9	561.00	452.70	9.00
9	562.40	455.10	9.00
9	563.66	457.55	9.00
9	564.73	460.01	9.00
9	565.58	462.44	9.00
9	566.17	464.78	9.00
9	566.47	467.01	9.00
9	566.45	469.05	9.00
9	566.06	470.88	9.00
9	565.29	472.47	9.00
9	564.17	473.83	9.00
9	562.72	474.97	9.00
9	560.98	475.92	9.00
9	558.97	476.68	9.00
9	556.73	477.27	9.00
9	554.27	477.72	9.00
9	551.62	478.02	9.00
9	548.83	478.21	9.00
9	545.90	478.29	9.00
9	542.88	478.29	9.00
9	539.78	478.21	9.00
9	536.65	478.08	9.00
9	533.50	477.90	9.00
9	530.36	477.70	9.00
9	527.27	477.49	9.00
9	524.23	477.27	9.00
9	521.26	477.07	9.00
9	518.35	476.86	9.00
9	515.50	476.65	9.00
9	512.71	476.45	9.00
9	509.97	476.24	9.00
9	507.28	476.04	9.00
9	504.64	475.83	9.00
9	502.05	475.62	9.00
9	499.51	475.41	9.00
9	497.01	475.20	9.00
9	494.55	474.99	9.00
9	492.13	474.77	9.00
9	489.75	474.55	9.00
9	487.40	474.33	9.00
9	485.09	474.10	9.00
9	482.81	473.86	9.00
9	480.56	473.62	9.00
9	478.33	473.38	9.00
9	476.14	473.12	9.00
9	473.96	472.86	9.00
9	471.81	472.60	9.00
9	469.67	472.32	9.00
9	467.55	472.04	9.00
9	465.45	471.75	9.00
9	463.36	471.45	9.00
9	461.28	471.14	9.00
9	459.20	470.82	9.00
9	457.14	470.48	9.00
9	455.08	470.14	9.00
9	453.02	469.79	9.00
9	450.96	469.42	9.00
9	448.90	469.04	9.00
9	446.84	468.65	9.00
9	444.77	468.24	9.00
9	442.69	467.83	9.00
9	440.60	467.40	9.00
9	438.50	466.95	9.00
9	436.38	466.49	9.00
9	434.25	466.02	9.00
9	432.10	465.54	9.00
9	429.93	465.04	9.00
9	427.74	464.52	9.00
9	425.52	463.99	9.00
9	423.27	463.45	9.00
9	420.99	462.89	9.00
9	418.69	462.31	9.00
9	416.35	461.72	9.00
9	413.97	461.12	9.00
9	411.55	460.49	9.00
9	409.10	459.85	9.00
9	406.60	459.20	9.00
9	404.06	458.52	9.00
9	401.48	457.83	9.00
9	398.84	457.12	9.00
9	396.16	456.40	9.00
9	393.42	455.65	9.00
9	390.63	454.89	9.00
9	387.78	454.11	9.00
9	384.87	453.31	9.00
9	381.90	452.49	9.00
9	378.89	451.65	9.00
9	375.85	450.79	9.00
9	372.84	449.89	9.00
9	369.86	448.95	9.00
9	366.97	447.97	9.00
9	364.19	446.94	9.00
9	361.55	445.86	9.00
9	359.09	444.72	9.00
9	356.83	443.51	9.00
9	354.81	442.23	9.00
9	353.05	440.88	9.00
9	351.60	439.44	9.00
9	350.49	437.92	9.00
9	349.73	436.30	9.00
9	349.38	434.59	9.00
9	349.45	432.77	9.00
9	349.96	430.86	9.00
9	350.85	428.88	9.00
9	352.07	426.87	9.00
9	353.58	424.85	9.00
9	355.33	422.86	9.00
9	357.27	420.94	9.00
9	359.35	419.10	9.00
9	361.51	417.39	9.00
9	363.72	415.83	9.00
9	365.94	414.43	9.00
9	368.19	413.18	9.00
9	370.45	412.07	9.00
9	372.72	411.08	9.00
9	375.01	410.21	9.00
9	377.32	409.44	9.00
9	379.63	408.76	9.00
9	381.96	408.16	9.00
9	384.30	407.63	9.00
9	386.64	407.16	9.00
9	388.99	406.73	9.00
9	391.35	406.34	9.00
9	393.71	405.97	9.00
9	396.07	405.61	9.00
9	398.44	405.25	9.00
9	400.80	404.88	9.00
9	403.16	404.49	9.00
9	405.53	404.07	9.00
9	407.89	403.64	9.00
9	410.25	403.18	9.00
9	412.62	402.72	9.00
9	414.98	402.24	9.00
9	417.35	401.76	9.00
9	419.72	401.27	9.00
9	422.09	400.78	9.00
9	424.47	400.30	9.00
9	426.85	399.83	9.00
9	429.24	399.37	9.00
9	431.63	398.92	9.00
9	434.03	398.50	9.00
9	436.43	398.09	9.00
9	438.84	397.72	9.00
9	441.27	397.37	9.00
9	443.69	397.06	9.00
9	446.13	396.79	9.00
9	448.56	396.57	9.00
9	451.00	396.40	9.00
9	453.44	396.29	9.00
9	455.87	396.25	9.00
9	458.29	396.28	9.00
9	460.71	396.39	9.00
9	463.11	396.59	9.00
9	465.50	396.87	9.00
9	467.87	397.26	9.00
9	470.23	397.74	9.00
9	472.57	398.32	9.00
9	474.89	398.99	9.00
9	477.20	399.73	9.00
9	479.48	400.55	9.00
9	481.75	401.44	9.00
9	484.00	402.39	9.00
9	486.23	403.39	9.00
9	488.45	404.43	9.00
9	490.64	405.52	9.00
9	492.82	406.64	9.00
9	494.98	407.78	9.00
9	497.12	408.95	9.00
9	499.24	410.14	9.00
9	501.36	411.35	9.00
9	503.46	412.57	9.00
9	505.55	413.80	9.00
9	507.64	415.04	9.00
9	509.72	416.29	9.00
9	511.79	417.53	9.00
9	513.87	418.77	9.00
9	515.94	420.01	9.00
9	518.01	421.24	9.00
9	520.09	422.46	9.00
9	522.17	423.66	9.00
9	524.26	424.84	9.00
9	526.36	426.00	9.00
9	528.46	427.14	9.00
9	530.58	428.27	9.00
9	532.69	429.39	9.00
9	534.79	430.51	9.00
9	536.89	431.66	9.00
9	538.98	432.83	9.00
9	541.04	434.03	9.00
9	543.08	435.29	9.00
9	545.09	436.60	9.00
9	547.06	437.98	9.00
9	548.99	439.44	9.00
9	550.88	440.99	9.00
9	552.72	442.63	9.00
9	554.51	444.39	9.00
9	556.24	446.26	9.00
9	557.90	448.27	9.00
9	559.49	450.42	9.00
10	565.65	463.47	10.00
10	567.47	465.60	10.00
10	569.22	467.83	10.00
10	570.83	470.11	10.00
10	572.24	472.38	10.00
10	573.42	474.60	10.00
10	574.31	476.71	10.00
10	574.85	478.67	10.00
10	574.99	480.43	10.00
10	574.68	481.93	10.00
10	573.95	483.18	10.00
10	572.82	484.20	10.00
10	571.32	485.01	10.00
10	569.50	485.61	10.00
10	567.37	486.04	10.00
10	564.99	486.30	10.00
10	562.37	486.41	10.00
10	559.56	486.40	10.00
10	556.59	486.27	10.00
10	553.49	486.05	10.00
10	550.29	485.76	10.00
10	547.03	485.40	10.00
10	543.75	485.00	10.00
10	540.47	484.58	10.00
10	537.23	484.15	10.00
10	534.06	483.73	10.00
10	530.97	483.32	10.00
10	527.95	482.91	10.00
10	525.00	482.52	10.00
10	522.12	482.14	10.00
10	519.30	481.76	10.00
10	516.55	481.40	10.00
10	513.86	481.04	10.00
10	511.22	480.68	10.00
10	508.65	480.34	10.00
10	506.12	479.99	10.00
10	503.65	479.65	10.00
10	501.23	479.32	10.00
10	498.85	478.98	10.00
10	496.52	478.65	10.00
10	494.23	478.33	10.00
10	491.97	478.00	10.00
10	489.76	477.67	10.00
10	487.58	477.34	10.00
10	485.43	477.01	10.00
10	483.32	476.68	10.00
10	481.23	476.35	10.00
10	479.17	476.01	10.00
10	477.12	475.67	10.00
10	475.10	475.33	10.00
10	473.10	474.98	10.00
10	471.12	474.62	10.00
10	469.14	474.26	10.00
10	467.18	473.89	10.00
10	465.23	473.52	10.00
10	463.28	473.13	10.00
10	461.34	472.74	10.00
10	459.40	472.33	10.00
10	457.46	471.92	10.00
10	455.51	471.49	10.00
10	453.56	471.06	10.00
10	451.60	470.61	10.00
10	449.63	470.15	10.00
10	447.65	469.69	10.00
10	445.65	469.20	10.00
10	443.63	468.71	10.00
10	441.60	468.20	10.00
10	439.54	467.69	10.00
10	437.45	467.15	10.00
10	435.34	466.61	10.00
10	433.20	466.05	10.00
10	431.02	465.47	10.00
10	428.81	464.89	10.00
10	426.56	464.28	10.00
10	424.27	463.66	10.00
10	421.94	463.03	10.00
10	419.57	462.38	10.00
10	417.14	461.72	10.00
10	414.67	461.03	10.00
10	412.15	460.34	10.00
10	409.57	459.62	10.00
10	406.93	458.89	10.00
10	404.24	458.14	10.00
10	401.48	457.37	10.00
10	398.66	456.58	10.00
10	395.77	455.78	10.00
10	392.81	454.95	10.00
10	389.78	454.11	10.00
10	386.67	453.25	10.00
10	383.51	452.36	10.00
10	380.33	451.45	10.00
10	377.16	450.52	10.00
10	374.05	449.56	10.00
10	371.03	448.56	10.00
10	368.14	447.53	10.00
10	365.41	446.47	10.00
10	362.90	445.36	10.00
10	360.62	444.21	10.00
10	358.63	443.02	10.00
10	356.95	441.78	10.00
10	355.64	440.49	10.00
10	354.71	439.14	10.00
10	354.22	437.74	10.00
10	354.20	436.28	10.00
10	354.68	434.76	10.00
10	355.66	433.19	10.00
10	357.06	431.59	10.00
10	358.81	430.00	10.00
10	360.85	428.44	10.00
10	363.12	426.92	10.00
10	365.53	425.49	10.00
10	368.03	424.17	10.00
10	370.55	422.97	10.00
10	373.04	421.92	10.00
10	375.50	421.00	10.00
10	377.94	420.21	10.00
10	380.36	419.53	10.00
10	382.75	418.96	10.00
10	385.13	418.48	10.00
10	387.49	418.09	10.00
10	389.84	417.77	10.00
10	392.18	417.52	10.00
10	394.51	417.32	10.00
10	396.83	417.16	10.00
10	399.15	417.04	10.00
10	401.46	416.94	10.00
10	403.78	416.86	10.00
10	406.09	416.78	10.00
10	408.41	416.69	10.00
10	410.74	416.59	10.00
10	413.08	416.46	10.00
10	415.42	416.30	10.00
10	417.77	416.12	10.00
10	420.13	415.92	10.00
10	422.50	415.71	10.00
10	424.88	415.48	10.00
10	427.26	415.24	10.00
10	429.65	414.99	10.00
10	432.04	414.74	10.00
10	434.44	414.49	10.00
10	436.85	414.25	10.00
10	439.26	414.01	10.00
10	441.67	413.77	10.00
10	444.09	413.56	10.00
10	446.51	413.35	10.00
10	448.93	413.17	10.00
10	451.36	413.01	10.00
10	453.78	412.88	10.00
10	456.21	412.79	10.00
10	458.63	412.75	10.00
10	461.04	412.75	10.00
10	463.44	412.82	10.00
10	465.83	412.96	10.00
10	468.21	413.18	10.00
10	470.58	413.48	10.00
10	472.92	413.87	10.00
10	475.25	414.36	10.00
10	477.55	414.95	10.00
10	479.83	415.64	10.00
10	482.10	416.40	10.00
10	484.35	417.24	10.00
10	486.58	418.14	10.00
10	488.80	419.10	10.00
10	491.00	420.11	10.00
10	493.19	421.16	10.00
10	495.36	422.24	10.00
10	497.53	423.35	10.00
10	499.68	424.47	10.00
10	501.82	425.61	10.00
10	503.96	426.77	10.00
10	506.08	427.93	10.00
10	508.20	429.10	10.00
10	510.31	430.27	10.00
10	512.42	431.45	10.00
10	514.52	432.62	10.00
10	516.62	433.78	10.00
10	518.72	434.93	10.00
10	520.81	436.07	10.00
10	522.90	437.19	10.00
10	525.00	438.30	10.00
10	527.09	439.38	10.00
10	529.18	440.44	10.00
10	531.28	441.46	10.00
10	533.38	442.47	10.00
10	535.48	443.45	10.00
10	537.58	444.44	10.00
10	539.67	445.43	10.00
10	541.76	446.44	10.00
10	543.84	447.47	10.00
10	545.91	448.54	10.00
10	547.97	449.65	10.00
10	550.01	450.83	10.00
10	552.04	452.07	10.00
10	554.05	453.38	10.00
10	556.05	454.79	10.00
10	558.02	456.29	10.00
10	559.96	457.90	10.00
10	561.89	459.62	10.00
10	563.78	461.48	10.00
10	565.65	463.47	10.00
